              precision    recall  f1-score   support

           0      0.784     0.885     0.831        78
           1      0.761     0.740     0.750        73
           2      0.738     0.787     0.762        61
           3      0.815     0.803     0.809        66
           4      0.808     0.881     0.843        67
           5      0.766     0.754     0.760        65
           6      0.725     0.725     0.725        91
           7      0.714     0.746     0.730        67
           8      0.809     0.714     0.759        77
           9      0.889     0.780     0.831        82

    accuracy                          0.780       727
   macro avg      0.781     0.782     0.780       727
weighted avg      0.782     0.780     0.780       727
