              precision    recall  f1-score   support

           A      0.348     0.800     0.485        20
           B      0.789     0.556     0.652        27
           C      0.760     0.792     0.776        24
           D      0.767     0.451     0.568        51
           E      0.783     0.903     0.839        72
           F      0.667     0.606     0.635        33
           G      0.818     0.750     0.783        24
           H      0.574     0.659     0.614        41
           I      0.297     0.393     0.338        28
           J      0.800     0.545     0.649        22
           K      0.682     0.625     0.652        24
           L      0.889     1.000     0.941        24
           M      0.625     0.484     0.545        31
           N      0.590     0.622     0.605        37
           O      0.222     0.571     0.320        14
           P      0.690     0.800     0.741        25
           Q      0.000     0.000     0.000         5
           R      0.703     0.867     0.776        30
           S      0.740     0.685     0.712        54
           T      0.640     0.821     0.719        39
           U      0.806     0.781     0.794        32
           V      0.946     0.791     0.862        67
           W      0.536     0.238     0.330        63
           X      0.842     0.667     0.744        24
           Y      0.571     0.727     0.640        22
           Z      0.810     0.850     0.829        20

    accuracy                          0.666       853
   macro avg      0.650     0.653     0.636       853
weighted avg      0.692     0.666     0.664       853
