              precision    recall  f1-score   support

           0      0.519     0.663     0.582       104
           1      0.540     0.659     0.593        82
           2      0.640     0.686     0.662        70
           3      0.768     0.662     0.711        80
           4      0.711     0.738     0.724        80
           5      0.690     0.598     0.641        82
           6      0.660     0.600     0.629       110
           7      0.588     0.676     0.629        74
           8      0.696     0.598     0.643        92
           9      0.790     0.688     0.736        93
           A      0.296     0.800     0.432        20
           B      0.652     0.517     0.577        29
           C      0.760     0.792     0.776        24
           D      0.676     0.338     0.451        68
           E      0.747     0.878     0.807        74
           F      0.541     0.476     0.506        42
           G      0.783     0.720     0.750        25
           H      0.519     0.600     0.557        45
           I      0.250     0.289     0.268        38
           J      0.800     0.480     0.600        25
           K      0.577     0.536     0.556        28
           L      0.750     0.889     0.814        27
           M      0.500     0.441     0.469        34
           N      0.460     0.605     0.523        38
           O      0.170     0.258     0.205        31
           P      0.625     0.667     0.645        30
           Q      0.000     0.000     0.000        13
           R      0.619     0.765     0.684        34
           S      0.514     0.607     0.556        61
           T      0.552     0.681     0.610        47
           U      0.735     0.714     0.725        35
           V      0.883     0.707     0.785        75
           W      0.455     0.211     0.288        71
           X      0.696     0.533     0.604        30
           Y      0.516     0.640     0.571        25
           Z      0.630     0.515     0.567        33

    accuracy                          0.607      1869
   macro avg      0.592     0.590     0.580      1869
weighted avg      0.622     0.607     0.605      1869
