              precision    recall  f1-score   support

           A      0.261     0.750     0.387         8
           B      0.824     0.875     0.848        16
           C      0.750     0.600     0.667        30
           D      0.952     0.588     0.727        34
           E      0.746     0.863     0.800        51
           F      0.786     0.892     0.835        37
           G      0.929     0.722     0.812        18
           H      0.513     0.870     0.645        23
           I      0.269     0.333     0.298        21
           J      1.000     0.182     0.308        22
           K      0.800     0.714     0.755        28
           L      0.900     0.794     0.844        34
           M      0.737     0.412     0.528        34
           N      0.585     0.750     0.658        32
           O      0.343     0.857     0.490        14
           P      0.750     0.778     0.764        27
           Q      0.000     0.000     0.000         4
           R      0.750     0.750     0.750        28
           S      0.863     0.815     0.838        54
           T      0.590     0.767     0.667        30
           U      0.556     0.758     0.641        33
           V      0.913     0.689     0.785        61
           W      0.815     0.393     0.530        56
           X      0.952     0.909     0.930        22
           Y      0.567     0.944     0.708        18
           Z      0.864     0.864     0.864        22

    accuracy                          0.700       757
   macro avg      0.693     0.687     0.657       757
weighted avg      0.753     0.700     0.699       757
