              precision    recall  f1-score   support

           0      0.806     0.841     0.823        69
           1      0.817     0.866     0.841        67
           2      0.812     0.825     0.819        63
           3      0.930     0.869     0.898        61
           4      0.746     0.803     0.774        66
           5      0.831     0.803     0.817        61
           6      0.846     0.753     0.797        73
           7      0.857     0.845     0.851        71
           8      0.820     0.806     0.813        62
           9      0.806     0.841     0.823        69

    accuracy                          0.825       662
   macro avg      0.827     0.825     0.825       662
weighted avg      0.827     0.825     0.825       662
