              precision    recall  f1-score   support

           0      0.552     0.674     0.607        86
           1      0.674     0.674     0.674        86
           2      0.667     0.693     0.680        75
           3      0.855     0.688     0.763        77
           4      0.662     0.671     0.667        79
           5      0.778     0.721     0.748        68
           6      0.775     0.611     0.683        90
           7      0.769     0.732     0.750        82
           8      0.769     0.704     0.735        71
           9      0.734     0.725     0.730        80
           A      0.188     0.667     0.293         9
           B      0.700     0.778     0.737        18
           C      0.667     0.581     0.621        31
           D      0.833     0.392     0.533        51
           E      0.688     0.815     0.746        54
           F      0.767     0.825     0.795        40
           G      0.812     0.650     0.722        20
           H      0.417     0.741     0.533        27
           I      0.219     0.269     0.241        26
           J      1.000     0.182     0.308        22
           K      0.741     0.690     0.714        29
           L      0.771     0.750     0.761        36
           M      0.636     0.400     0.491        35
           N      0.522     0.667     0.585        36
           O      0.267     0.522     0.353        23
           P      0.677     0.724     0.700        29
           Q      0.000     0.000     0.000         8
           R      0.553     0.636     0.592        33
           S      0.620     0.772     0.688        57
           T      0.418     0.575     0.484        40
           U      0.543     0.658     0.595        38
           V      0.840     0.609     0.706        69
           W      0.759     0.355     0.484        62
           X      0.909     0.870     0.889        23
           Y      0.515     0.895     0.654        19
           Z      0.679     0.704     0.691        27

    accuracy                          0.650      1656
   macro avg      0.638     0.628     0.610      1656
weighted avg      0.685     0.650     0.652      1656
